header
page header
32281
5114
28977
9253
9969
32935
11061
820
15417
15335
page footer
page header
4181
28851
918
2904
28891
199
23273
24701
12355
1575
page footer
page header
263
44
1
30276
164
7311
17074
21939
457
2001
page footer
page header
245
32983
5258
28957
11665
431
11741
31757
19
12365
page footer
page header
1535
32366
30654
20583
19647
4282
10379
22135
21329
31043
page footer
page header
7785
3297
30709
6114
31240
4565
5300
9989
24415
11577
page footer
page header
10408
28171
32995
33950
21899
26055
7472
777
22535
28735
page footer
page header
12431
28805
578
16894
5028
21
801
31933
5205
17389
page footer
page header
170
10162
18617
32182
877
2251
24687
16498
10030
5941
page footer
page header
30346
3784
13125
12029
14397
10165
10087
14719
9756
13601
page footer
footer